------- player state = 5 and the bool between tiles is 0
START findPath ----
current tile = 1,1 and target = 9,9
------------------------------
   0   0   0   0   0   0   0   0   0   0   0   0   0   0   0   0   0   0   0   0
   0  -1   0  17   0  13  12  11   0  13  14  13  12   0  14  15  16  17   0   0
   0  16   0  16  15  14   0  10  11  12   0   0  11   0  13   0   0   0  17   0
   0  15   0   0   0   0   0   9   0  13   0   0  10  11  12  13   0   0  16   0
   0  14  13  12  11  10   9   8   0  12  11  10   9   0   0  12  13  14  15   0
   0  13   0   0  10   0   0   7   0   0   0   0   8   9  10  11   0   0  16   0
   0  12   0   0   9   0   7   6   5   4   5   6   7   0   0  12   0   0  15   0
   0  11  10   9   8   9   8   0   0   3   0   0   0   0   0  11   0  13  14   0
   0   0  11   0   7   0   0   0   3   2   3   4   0   8   9  10  11  12   0   0
   0   0  12   0   6   5   4   3   2   1   0   5   6   7   0   0   0  13   0   0
   0   0  13   0   0   0   0   0   3   0   0   6   0   0   0  16  15  14  15   0
   0  15  14  13  12  11  10   0   4   5   6   7   0  13  14  15   0   0  16   0
   0  16   0   0   0   0   9   0   5   0   7   0   0  12   0  14  15  16  17   0
   0  17  16  15   0   9   8   7   6   0   8   9  10  11  12  13   0   0   0   0
   0   0   0  14   0  10   0   0   7   0   9   0   0   0   0  14   0   0   0   0
   0   0   0  13  12  11   0   0   8   9  10   0   0   0  16  15  16  17   0   0
   0  16  15  14   0  12  11  10   9   0  11  12  13  14  15   0   0   0   0   0
   0  17   0   0   0  13   0   0  10   0   0   0  14   0  16   0   0   0   0   0
   0   0  17  16  15  14   0   0  11  12  13  14  15   0  17   0   0   0   0   0
   0   0   0   0   0   0   0   0   0   0   0   0   0   0   0   0   0   0   0   0
path found, choosing next step
 E,N,S,W = 260,260,16,260
new goto Tile is (1,2) from 1,1
--------------------- DONE findPath() and returned true ... moving

START findPath ----
current tile = 18,1 and target = 10,9
------------------------------
   0   0   0   0   0   0   0   0   0   0   0   0   0   0   0   0   0   0   0   0
   0   0   0   0   0  14  13  12   0  14  15  14  13   0  15  16  17   0  -1   0
   0  17   0  17  16  15   0  11  12  13   0   0  12   0  14   0   0   0  16   0
   0  16   0   0   0   0   0  10   0  14   0   0  11  12  13  12   0   0  15   0
   0  15  14  13  12  11  10   9   0  13  12  11  10   0   0  11  12  13  14   0
   0  16   0   0  13   0   0   8   0   0   0   0   9  10  11  10   0   0  13   0
   0  15   0   0  12   0   8   7   6   5   6   7   8   0   0   9   0   0  12   0
   0  14  13  12  11  10   9   0   0   4   0   0   0   0   0   8   0  10  11   0
   0   0  14   0  10   0   0   0   4   3   2   3   0   5   6   7   8   9   0   0
   0   0  15   0   9   8   7   6   5   0   1   2   3   4   0   0   0  10   0   0
   0   0  16   0   0   0   0   0   6   0   0   3   0   0   0  13  12  11  12   0
   0   0  17  16  15  14  13   0   7   6   5   4   0  12  13  14   0   0  13   0
   0   0   0   0   0   0  12   0   8   0   6   0   0  11   0  13  14  15  14   0
   0   0   0   0   0  12  11  10   9   0   7   8   9  10  11  12   0   0  15   0
   0   0   0  17   0  13   0   0  10   0   8   0   0   0   0  13   0  17  16   0
   0   0   0  16  15  14   0   0  11  10   9   0   0   0  15  14  15  16   0   0
   0   0   0  17   0  15  14  13  12   0  10  11  12  13  14   0   0  17   0   0
   0   0   0   0   0  16   0   0  13   0   0   0  13   0  15   0   0   0   0   0
   0   0   0   0   0  17   0   0  14  15  16  15  14   0  16  17   0   0   0   0
   0   0   0   0   0   0   0   0   0   0   0   0   0   0   0   0   0   0   0   0
path found, choosing next step
 E,N,S,W = 260,260,16,260
new goto Tile is (18,2) from 18,1
--------------------- DONE findPath() and returned true ... moving

START findPath ----
current tile = 1,18 and target = 9,10
------------------------------
   0   0   0   0   0   0   0   0   0   0   0   0   0   0   0   0   0   0   0   0
   0   0   0   0   0  16  15  14   0  16  17  16  15   0  17   0   0   0   0   0
   0  17   0   0   0  17   0  13  14  15   0   0  14   0  16   0   0   0   0   0
   0  16   0   0   0   0   0  12   0  16   0   0  13  14  15  16   0   0   0   0
   0  15  14  13  12  13  12  11   0  15  14  13  12   0   0  15  16  17   0   0
   0  14   0   0  11   0   0  10   0   0   0   0  11  12  13  14   0   0  17   0
   0  13   0   0  10   0  10   9   8   7   8   9  10   0   0  13   0   0  16   0
   0  12  11  10   9  10  11   0   0   6   0   0   0   0   0  12   0  14  15   0
   0   0  12   0   8   0   0   0   4   5   6   7   0   9  10  11  12  13   0   0
   0   0  13   0   7   6   5   4   3   0   0   6   7   8   0   0   0  14   0   0
   0   0  14   0   0   0   0   0   2   1   0   5   0   0   0  13  14  15  16   0
   0  14  13  12  11  10   9   0   3   2   3   4   0  10  11  12   0   0  15   0
   0  15   0   0   0   0   8   0   4   0   4   0   0   9   0  11  12  13  14   0
   0  16  15  14   0   8   7   6   5   0   5   6   7   8   9  10   0   0  15   0
   0   0   0  13   0   9   0   0   6   0   6   0   0   0   0  11   0  15  16   0
   0   0   0  12  11  10   0   0   7   8   7   0   0   0  13  12  13  14   0   0
   0  15  14  13   0  11  10   9   8   0   8   9  10  11  12   0   0  15  16   0
   0  16   0   0   0  12   0   0   9   0   0   0  11   0  13   0   0   0  17   0
   0  -1  16  15  14  13   0   0  10  11  12  13  12   0  14  15  16  17   0   0
   0   0   0   0   0   0   0   0   0   0   0   0   0   0   0   0   0   0   0   0
path found, choosing next step
 E,N,S,W = 16,16,260,260
new goto Tile is (2,18) from 1,18
--------------------- DONE findPath() and returned true ... moving

START findPath ----
current tile = 18,18 and target = 10,10
------------------------------
   0   0   0   0   0   0   0   0   0   0   0   0   0   0   0   0   0   0   0   0
   0   0   0   0   0  17  16  15   0  17   0  17  16   0  16  17   0   0   0   0
   0   0   0   0   0   0   0  14  15  16   0   0  15   0  15   0   0   0  17   0
   0   0   0   0   0   0   0  13   0  17   0   0  14  15  14  13   0   0  16   0
   0   0  17  16  15  14  13  12   0  16  15  14  13   0   0  12  13  14  15   0
   0  17   0   0  14   0   0  11   0   0   0   0  12  13  12  11   0   0  14   0
   0  16   0   0  13   0  11  10   9   8   9  10  11   0   0  10   0   0  13   0
   0  15  14  13  12  13  12   0   0   7   0   0   0   0   0   9   0  11  12   0
   0   0  15   0  11   0   0   0   7   6   5   4   0   6   7   8   9  10   0   0
   0   0  16   0  10   9   8   7   6   0   0   3   4   5   0   0   0  11   0   0
   0   0  15   0   0   0   0   0   5   0   1   2   0   0   0  12  13  12  13   0
   0  15  14  13  12  11  10   0   4   3   2   3   0   9  10  11   0   0  14   0
   0  16   0   0   0   0   9   0   5   0   3   0   0   8   0  10  11  12  13   0
   0  17  16  15   0   9   8   7   6   0   4   5   6   7   8   9   0   0  14   0
   0   0   0  14   0  10   0   0   7   0   5   0   0   0   0  10   0  14  15   0
   0   0   0  13  12  11   0   0   8   7   6   0   0   0  12  11  12  13   0   0
   0  16  15  14   0  12  11  10   9   0   7   8   9  10  11   0   0  14  15   0
   0  17   0   0   0  13   0   0  10   0   0   0  10   0  12   0   0   0  16   0
   0   0  17  16  15  14   0   0  11  12  13  12  11   0  13  14  15  16  -1   0
   0   0   0   0   0   0   0   0   0   0   0   0   0   0   0   0   0   0   0   0
path found, choosing next step
 E,N,S,W = 260,16,260,16
new goto Tile is (18,17) from 18,18
--------------------- DONE findPath() and returned true ... moving

------- player state = 5 and the bool between tiles is 0
------- player state = 5 and the bool between tiles is 0
------- player state = 5 and the bool between tiles is 0
------- player state = 5 and the bool between tiles is 0
------- player state = 5 and the bool between tiles is 0
------- player state = 5 and the bool between tiles is 0
------- player state = 5 and the bool between tiles is 0
------- player state = 5 and the bool between tiles is 0
------- player state = 5 and the bool between tiles is 0
------- player state = 5 and the bool between tiles is 0
------- player state = 5 and the bool between tiles is 0
------- player state = 5 and the bool between tiles is 0
------- player state = 5 and the bool between tiles is 0
------- player state = 5 and the bool between tiles is 0
------- player state = 5 and the bool between tiles is 0
------- player state = 5 and the bool between tiles is 0
START findPath ----
current tile = 1,2 and target = 9,9
------------------------------
   0   0   0   0   0   0   0   0   0   0   0   0   0   0   0   0   0   0   0   0
   0   0   0   0   0  13  12  11   0  13  14  13  12   0  14  15  16   0   0   0
   0  -1   0  16  15  14   0  10  11  12   0   0  11   0  13   0   0   0   0   0
   0  15   0   0   0   0   0   9   0  13   0   0  10  11  12  13   0   0  16   0
   0  14  13  12  11  10   9   8   0  12  11  10   9   0   0  12  13  14  15   0
   0  13   0   0  10   0   0   7   0   0   0   0   8   9  10  11   0   0  16   0
   0  12   0   0   9   0   7   6   5   4   5   6   7   0   0  12   0   0  15   0
   0  11  10   9   8   9   8   0   0   3   0   0   0   0   0  11   0  13  14   0
   0   0  11   0   7   0   0   0   3   2   3   4   0   8   9  10  11  12   0   0
   0   0  12   0   6   5   4   3   2   1   0   5   6   7   0   0   0  13   0   0
   0   0  13   0   0   0   0   0   3   0   0   6   0   0   0  16  15  14  15   0
   0  15  14  13  12  11  10   0   4   5   6   7   0  13  14  15   0   0  16   0
   0  16   0   0   0   0   9   0   5   0   7   0   0  12   0  14  15  16   0   0
   0   0  16  15   0   9   8   7   6   0   8   9  10  11  12  13   0   0   0   0
   0   0   0  14   0  10   0   0   7   0   9   0   0   0   0  14   0   0   0   0
   0   0   0  13  12  11   0   0   8   9  10   0   0   0  16  15  16   0   0   0
   0  16  15  14   0  12  11  10   9   0  11  12  13  14  15   0   0   0   0   0
   0   0   0   0   0  13   0   0  10   0   0   0  14   0  16   0   0   0   0   0
   0   0   0  16  15  14   0   0  11  12  13  14  15   0   0   0   0   0   0   0
   0   0   0   0   0   0   0   0   0   0   0   0   0   0   0   0   0   0   0   0
path found, choosing next step
 E,N,S,W = 260,260,15,260
new goto Tile is (1,3) from 1,2
--------------------- DONE findPath() and returned true ... moving

START findPath ----
current tile = 18,2 and target = 10,9
------------------------------
   0   0   0   0   0   0   0   0   0   0   0   0   0   0   0   0   0   0   0   0
   0   0   0   0   0  14  13  12   0  14  15  14  13   0  15  16   0   0   0   0
   0   0   0   0  16  15   0  11  12  13   0   0  12   0  14   0   0   0  -1   0
   0  16   0   0   0   0   0  10   0  14   0   0  11  12  13  12   0   0  15   0
   0  15  14  13  12  11  10   9   0  13  12  11  10   0   0  11  12  13  14   0
   0  16   0   0  13   0   0   8   0   0   0   0   9  10  11  10   0   0  13   0
   0  15   0   0  12   0   8   7   6   5   6   7   8   0   0   9   0   0  12   0
   0  14  13  12  11  10   9   0   0   4   0   0   0   0   0   8   0  10  11   0
   0   0  14   0  10   0   0   0   4   3   2   3   0   5   6   7   8   9   0   0
   0   0  15   0   9   8   7   6   5   0   1   2   3   4   0   0   0  10   0   0
   0   0  16   0   0   0   0   0   6   0   0   3   0   0   0  13  12  11  12   0
   0   0   0  16  15  14  13   0   7   6   5   4   0  12  13  14   0   0  13   0
   0   0   0   0   0   0  12   0   8   0   6   0   0  11   0  13  14  15  14   0
   0   0   0   0   0  12  11  10   9   0   7   8   9  10  11  12   0   0  15   0
   0   0   0   0   0  13   0   0  10   0   8   0   0   0   0  13   0   0  16   0
   0   0   0  16  15  14   0   0  11  10   9   0   0   0  15  14  15  16   0   0
   0   0   0   0   0  15  14  13  12   0  10  11  12  13  14   0   0   0   0   0
   0   0   0   0   0  16   0   0  13   0   0   0  13   0  15   0   0   0   0   0
   0   0   0   0   0   0   0   0  14  15  16  15  14   0  16   0   0   0   0   0
   0   0   0   0   0   0   0   0   0   0   0   0   0   0   0   0   0   0   0   0
path found, choosing next step
 E,N,S,W = 260,260,15,260
new goto Tile is (18,3) from 18,2
--------------------- DONE findPath() and returned true ... moving

START findPath ----
current tile = 2,18 and target = 9,10
------------------------------
   0   0   0   0   0   0   0   0   0   0   0   0   0   0   0   0   0   0   0   0
   0   0   0   0   0  16  15  14   0  16   0  16  15   0   0   0   0   0   0   0
   0   0   0   0   0   0   0  13  14  15   0   0  14   0  16   0   0   0   0   0
   0  16   0   0   0   0   0  12   0  16   0   0  13  14  15  16   0   0   0   0
   0  15  14  13  12  13  12  11   0  15  14  13  12   0   0  15  16   0   0   0
   0  14   0   0  11   0   0  10   0   0   0   0  11  12  13  14   0   0   0   0
   0  13   0   0  10   0  10   9   8   7   8   9  10   0   0  13   0   0  16   0
   0  12  11  10   9  10  11   0   0   6   0   0   0   0   0  12   0  14  15   0
   0   0  12   0   8   0   0   0   4   5   6   7   0   9  10  11  12  13   0   0
   0   0  13   0   7   6   5   4   3   0   0   6   7   8   0   0   0  14   0   0
   0   0  14   0   0   0   0   0   2   1   0   5   0   0   0  13  14  15  16   0
   0  14  13  12  11  10   9   0   3   2   3   4   0  10  11  12   0   0  15   0
   0  15   0   0   0   0   8   0   4   0   4   0   0   9   0  11  12  13  14   0
   0  16  15  14   0   8   7   6   5   0   5   6   7   8   9  10   0   0  15   0
   0   0   0  13   0   9   0   0   6   0   6   0   0   0   0  11   0  15  16   0
   0   0   0  12  11  10   0   0   7   8   7   0   0   0  13  12  13  14   0   0
   0  15  14  13   0  11  10   9   8   0   8   9  10  11  12   0   0  15  16   0
   0  16   0   0   0  12   0   0   9   0   0   0  11   0  13   0   0   0   0   0
   0   0  -1  15  14  13   0   0  10  11  12  13  12   0  14  15  16   0   0   0
   0   0   0   0   0   0   0   0   0   0   0   0   0   0   0   0   0   0   0   0
path found, choosing next step
 E,N,S,W = 15,260,260,260
new goto Tile is (3,18) from 2,18
--------------------- DONE findPath() and returned true ... moving

START findPath ----
current tile = 18,17 and target = 10,10
------------------------------
   0   0   0   0   0   0   0   0   0   0   0   0   0   0   0   0   0   0   0   0
   0   0   0   0   0   0  16  15   0   0   0   0  16   0  16   0   0   0   0   0
   0   0   0   0   0   0   0  14  15  16   0   0  15   0  15   0   0   0   0   0
   0   0   0   0   0   0   0  13   0   0   0   0  14  15  14  13   0   0  16   0
   0   0   0  16  15  14  13  12   0  16  15  14  13   0   0  12  13  14  15   0
   0   0   0   0  14   0   0  11   0   0   0   0  12  13  12  11   0   0  14   0
   0  16   0   0  13   0  11  10   9   8   9  10  11   0   0  10   0   0  13   0
   0  15  14  13  12  13  12   0   0   7   0   0   0   0   0   9   0  11  12   0
   0   0  15   0  11   0   0   0   7   6   5   4   0   6   7   8   9  10   0   0
   0   0  16   0  10   9   8   7   6   0   0   3   4   5   0   0   0  11   0   0
   0   0  15   0   0   0   0   0   5   0   1   2   0   0   0  12  13  12  13   0
   0  15  14  13  12  11  10   0   4   3   2   3   0   9  10  11   0   0  14   0
   0  16   0   0   0   0   9   0   5   0   3   0   0   8   0  10  11  12  13   0
   0   0  16  15   0   9   8   7   6   0   4   5   6   7   8   9   0   0  14   0
   0   0   0  14   0  10   0   0   7   0   5   0   0   0   0  10   0  14  15   0
   0   0   0  13  12  11   0   0   8   7   6   0   0   0  12  11  12  13   0   0
   0  16  15  14   0  12  11  10   9   0   7   8   9  10  11   0   0  14  15   0
   0   0   0   0   0  13   0   0  10   0   0   0  10   0  12   0   0   0  -1   0
   0   0   0  16  15  14   0   0  11  12  13  12  11   0  13  14  15  16   0   0
   0   0   0   0   0   0   0   0   0   0   0   0   0   0   0   0   0   0   0   0
path found, choosing next step
 E,N,S,W = 260,15,260,260
new goto Tile is (18,16) from 18,17
--------------------- DONE findPath() and returned true ... moving

------- player state = 5 and the bool between tiles is 0
------- player state = 5 and the bool between tiles is 0
------- player state = 5 and the bool between tiles is 0
------- player state = 5 and the bool between tiles is 0
------- player state = 5 and the bool between tiles is 0
------- player state = 5 and the bool between tiles is 0
------- player state = 5 and the bool between tiles is 0
------- player state = 5 and the bool between tiles is 0
------- player state = 5 and the bool between tiles is 0
------- player state = 5 and the bool between tiles is 0
------- player state = 5 and the bool between tiles is 0
------- player state = 5 and the bool between tiles is 0
------- player state = 5 and the bool between tiles is 0
------- player state = 5 and the bool between tiles is 0
------- player state = 5 and the bool between tiles is 0
------- player state = 5 and the bool between tiles is 0
START findPath ----
current tile = 1,3 and target = 9,9
------------------------------
   0   0   0   0   0   0   0   0   0   0   0   0   0   0   0   0   0   0   0   0
   0   0   0   0   0  13  12  11   0  13  14  13  12   0  14  15   0   0   0   0
   0   0   0   0  15  14   0  10  11  12   0   0  11   0  13   0   0   0   0   0
   0  -1   0   0   0   0   0   9   0  13   0   0  10  11  12  13   0   0   0   0
   0  14  13  12  11  10   9   8   0  12  11  10   9   0   0  12  13  14  15   0
   0  13   0   0  10   0   0   7   0   0   0   0   8   9  10  11   0   0   0   0
   0  12   0   0   9   0   7   6   5   4   5   6   7   0   0  12   0   0  15   0
   0  11  10   9   8   9   8   0   0   3   0   0   0   0   0  11   0  13  14   0
   0   0  11   0   7   0   0   0   3   2   3   4   0   8   9  10  11  12   0   0
   0   0  12   0   6   5   4   3   2   1   0   5   6   7   0   0   0  13   0   0
   0   0  13   0   0   0   0   0   3   0   0   6   0   0   0   0  15  14  15   0
   0  15  14  13  12  11  10   0   4   5   6   7   0  13  14  15   0   0   0   0
   0   0   0   0   0   0   9   0   5   0   7   0   0  12   0  14  15   0   0   0
   0   0   0  15   0   9   8   7   6   0   8   9  10  11  12  13   0   0   0   0
   0   0   0  14   0  10   0   0   7   0   9   0   0   0   0  14   0   0   0   0
   0   0   0  13  12  11   0   0   8   9  10   0   0   0   0  15   0   0   0   0
   0   0  15  14   0  12  11  10   9   0  11  12  13  14  15   0   0   0   0   0
   0   0   0   0   0  13   0   0  10   0   0   0  14   0   0   0   0   0   0   0
   0   0   0   0  15  14   0   0  11  12  13  14  15   0   0   0   0   0   0   0
   0   0   0   0   0   0   0   0   0   0   0   0   0   0   0   0   0   0   0   0
path found, choosing next step
 E,N,S,W = 260,260,14,260
new goto Tile is (1,4) from 1,3
--------------------- DONE findPath() and returned true ... moving

START findPath ----
current tile = 18,3 and target = 10,9
------------------------------
   0   0   0   0   0   0   0   0   0   0   0   0   0   0   0   0   0   0   0   0
   0   0   0   0   0  14  13  12   0  14  15  14  13   0  15   0   0   0   0   0
   0   0   0   0   0  15   0  11  12  13   0   0  12   0  14   0   0   0   0   0
   0   0   0   0   0   0   0  10   0  14   0   0  11  12  13  12   0   0  -1   0
   0  15  14  13  12  11  10   9   0  13  12  11  10   0   0  11  12  13  14   0
   0   0   0   0  13   0   0   8   0   0   0   0   9  10  11  10   0   0  13   0
   0  15   0   0  12   0   8   7   6   5   6   7   8   0   0   9   0   0  12   0
   0  14  13  12  11  10   9   0   0   4   0   0   0   0   0   8   0  10  11   0
   0   0  14   0  10   0   0   0   4   3   2   3   0   5   6   7   8   9   0   0
   0   0  15   0   9   8   7   6   5   0   1   2   3   4   0   0   0  10   0   0
   0   0   0   0   0   0   0   0   6   0   0   3   0   0   0  13  12  11  12   0
   0   0   0   0  15  14  13   0   7   6   5   4   0  12  13  14   0   0  13   0
   0   0   0   0   0   0  12   0   8   0   6   0   0  11   0  13  14  15  14   0
   0   0   0   0   0  12  11  10   9   0   7   8   9  10  11  12   0   0  15   0
   0   0   0   0   0  13   0   0  10   0   8   0   0   0   0  13   0   0   0   0
   0   0   0   0  15  14   0   0  11  10   9   0   0   0  15  14  15   0   0   0
   0   0   0   0   0  15  14  13  12   0  10  11  12  13  14   0   0   0   0   0
   0   0   0   0   0   0   0   0  13   0   0   0  13   0  15   0   0   0   0   0
   0   0   0   0   0   0   0   0  14  15   0  15  14   0   0   0   0   0   0   0
   0   0   0   0   0   0   0   0   0   0   0   0   0   0   0   0   0   0   0   0
path found, choosing next step
 E,N,S,W = 260,260,14,260
new goto Tile is (18,4) from 18,3
--------------------- DONE findPath() and returned true ... moving

START findPath ----
current tile = 3,18 and target = 9,10
------------------------------
   0   0   0   0   0   0   0   0   0   0   0   0   0   0   0   0   0   0   0   0
   0   0   0   0   0   0  15  14   0   0   0   0  15   0   0   0   0   0   0   0
   0   0   0   0   0   0   0  13  14  15   0   0  14   0   0   0   0   0   0   0
   0   0   0   0   0   0   0  12   0   0   0   0  13  14  15   0   0   0   0   0
   0  15  14  13  12  13  12  11   0  15  14  13  12   0   0  15   0   0   0   0
   0  14   0   0  11   0   0  10   0   0   0   0  11  12  13  14   0   0   0   0
   0  13   0   0  10   0  10   9   8   7   8   9  10   0   0  13   0   0   0   0
   0  12  11  10   9  10  11   0   0   6   0   0   0   0   0  12   0  14  15   0
   0   0  12   0   8   0   0   0   4   5   6   7   0   9  10  11  12  13   0   0
   0   0  13   0   7   6   5   4   3   0   0   6   7   8   0   0   0  14   0   0
   0   0  14   0   0   0   0   0   2   1   0   5   0   0   0  13  14  15   0   0
   0  14  13  12  11  10   9   0   3   2   3   4   0  10  11  12   0   0  15   0
   0  15   0   0   0   0   8   0   4   0   4   0   0   9   0  11  12  13  14   0
   0   0  15  14   0   8   7   6   5   0   5   6   7   8   9  10   0   0  15   0
   0   0   0  13   0   9   0   0   6   0   6   0   0   0   0  11   0  15   0   0
   0   0   0  12  11  10   0   0   7   8   7   0   0   0  13  12  13  14   0   0
   0  15  14  13   0  11  10   9   8   0   8   9  10  11  12   0   0  15   0   0
   0   0   0   0   0  12   0   0   9   0   0   0  11   0  13   0   0   0   0   0
   0   0   0  -1  14  13   0   0  10  11  12  13  12   0  14  15   0   0   0   0
   0   0   0   0   0   0   0   0   0   0   0   0   0   0   0   0   0   0   0   0
path found, choosing next step
 E,N,S,W = 14,260,260,260
new goto Tile is (4,18) from 3,18
--------------------- DONE findPath() and returned true ... moving

START findPath ----
current tile = 18,16 and target = 10,10
------------------------------
   0   0   0   0   0   0   0   0   0   0   0   0   0   0   0   0   0   0   0   0
   0   0   0   0   0   0   0  15   0   0   0   0   0   0   0   0   0   0   0   0
   0   0   0   0   0   0   0  14  15   0   0   0  15   0  15   0   0   0   0   0
   0   0   0   0   0   0   0  13   0   0   0   0  14  15  14  13   0   0   0   0
   0   0   0   0  15  14  13  12   0   0  15  14  13   0   0  12  13  14  15   0
   0   0   0   0  14   0   0  11   0   0   0   0  12  13  12  11   0   0  14   0
   0   0   0   0  13   0  11  10   9   8   9  10  11   0   0  10   0   0  13   0
   0  15  14  13  12  13  12   0   0   7   0   0   0   0   0   9   0  11  12   0
   0   0  15   0  11   0   0   0   7   6   5   4   0   6   7   8   9  10   0   0
   0   0   0   0  10   9   8   7   6   0   0   3   4   5   0   0   0  11   0   0
   0   0  15   0   0   0   0   0   5   0   1   2   0   0   0  12  13  12  13   0
   0  15  14  13  12  11  10   0   4   3   2   3   0   9  10  11   0   0  14   0
   0   0   0   0   0   0   9   0   5   0   3   0   0   8   0  10  11  12  13   0
   0   0   0  15   0   9   8   7   6   0   4   5   6   7   8   9   0   0  14   0
   0   0   0  14   0  10   0   0   7   0   5   0   0   0   0  10   0  14  15   0
   0   0   0  13  12  11   0   0   8   7   6   0   0   0  12  11  12  13   0   0
   0   0  15  14   0  12  11  10   9   0   7   8   9  10  11   0   0  14  -1   0
   0   0   0   0   0  13   0   0  10   0   0   0  10   0  12   0   0   0   0   0
   0   0   0   0  15  14   0   0  11  12  13  12  11   0  13  14  15   0   0   0
   0   0   0   0   0   0   0   0   0   0   0   0   0   0   0   0   0   0   0   0
path found, choosing next step
 E,N,S,W = 260,260,260,14
new goto Tile is (17,16) from 18,16
--------------------- DONE findPath() and returned true ... moving

------- player state = 5 and the bool between tiles is 0
------- player state = 5 and the bool between tiles is 0
------- player state = 5 and the bool between tiles is 0
------- player state = 5 and the bool between tiles is 0
------- player state = 5 and the bool between tiles is 0
------- player state = 5 and the bool between tiles is 0
------- player state = 5 and the bool between tiles is 0
------- player state = 5 and the bool between tiles is 0
------- player state = 5 and the bool between tiles is 0
------- player state = 5 and the bool between tiles is 0
------- player state = 5 and the bool between tiles is 0
------- player state = 5 and the bool between tiles is 0
------- player state = 5 and the bool between tiles is 0
------- player state = 5 and the bool between tiles is 0
------- player state = 5 and the bool between tiles is 0
------- player state = 5 and the bool between tiles is 0
START findPath ----
current tile = 1,4 and target = 9,9
------------------------------
   0   0   0   0   0   0   0   0   0   0   0   0   0   0   0   0   0   0   0   0
   0   0   0   0   0  13  12  11   0  13  14  13  12   0  14   0   0   0   0   0
   0   0   0   0   0  14   0  10  11  12   0   0  11   0  13   0   0   0   0   0
   0   0   0   0   0   0   0   9   0  13   0   0  10  11  12  13   0   0   0   0
   0  -1  13  12  11  10   9   8   0  12  11  10   9   0   0  12  13  14   0   0
   0  13   0   0  10   0   0   7   0   0   0   0   8   9  10  11   0   0   0   0
   0  12   0   0   9   0   7   6   5   4   5   6   7   0   0  12   0   0   0   0
   0  11  10   9   8   9   8   0   0   3   0   0   0   0   0  11   0  13  14   0
   0   0  11   0   7   0   0   0   3   2   3   4   0   8   9  10  11  12   0   0
   0   0  12   0   6   5   4   3   2   1   0   5   6   7   0   0   0  13   0   0
   0   0  13   0   0   0   0   0   3   0   0   6   0   0   0   0   0  14   0   0
   0   0  14  13  12  11  10   0   4   5   6   7   0  13  14   0   0   0   0   0
   0   0   0   0   0   0   9   0   5   0   7   0   0  12   0  14   0   0   0   0
   0   0   0   0   0   9   8   7   6   0   8   9  10  11  12  13   0   0   0   0
   0   0   0  14   0  10   0   0   7   0   9   0   0   0   0  14   0   0   0   0
   0   0   0  13  12  11   0   0   8   9  10   0   0   0   0   0   0   0   0   0
   0   0   0  14   0  12  11  10   9   0  11  12  13  14   0   0   0   0   0   0
   0   0   0   0   0  13   0   0  10   0   0   0  14   0   0   0   0   0   0   0
   0   0   0   0   0  14   0   0  11  12  13  14   0   0   0   0   0   0   0   0
   0   0   0   0   0   0   0   0   0   0   0   0   0   0   0   0   0   0   0   0
path found, choosing next step
 E,N,S,W = 13,260,13,260
new goto Tile is (2,4) from 1,4
--------------------- DONE findPath() and returned true ... moving

START findPath ----
current tile = 18,4 and target = 10,9
------------------------------
   0   0   0   0   0   0   0   0   0   0   0   0   0   0   0   0   0   0   0   0
   0   0   0   0   0  14  13  12   0  14   0  14  13   0   0   0   0   0   0   0
   0   0   0   0   0   0   0  11  12  13   0   0  12   0  14   0   0   0   0   0
   0   0   0   0   0   0   0  10   0  14   0   0  11  12  13  12   0   0   0   0
   0   0  14  13  12  11  10   9   0  13  12  11  10   0   0  11  12  13  -1   0
   0   0   0   0  13   0   0   8   0   0   0   0   9  10  11  10   0   0  13   0
   0   0   0   0  12   0   8   7   6   5   6   7   8   0   0   9   0   0  12   0
   0  14  13  12  11  10   9   0   0   4   0   0   0   0   0   8   0  10  11   0
   0   0  14   0  10   0   0   0   4   3   2   3   0   5   6   7   8   9   0   0
   0   0   0   0   9   8   7   6   5   0   1   2   3   4   0   0   0  10   0   0
   0   0   0   0   0   0   0   0   6   0   0   3   0   0   0  13  12  11  12   0
   0   0   0   0   0  14  13   0   7   6   5   4   0  12  13  14   0   0  13   0
   0   0   0   0   0   0  12   0   8   0   6   0   0  11   0  13  14   0  14   0
   0   0   0   0   0  12  11  10   9   0   7   8   9  10  11  12   0   0   0   0
   0   0   0   0   0  13   0   0  10   0   8   0   0   0   0  13   0   0   0   0
   0   0   0   0   0  14   0   0  11  10   9   0   0   0   0  14   0   0   0   0
   0   0   0   0   0   0  14  13  12   0  10  11  12  13  14   0   0   0   0   0
   0   0   0   0   0   0   0   0  13   0   0   0  13   0   0   0   0   0   0   0
   0   0   0   0   0   0   0   0  14   0   0   0  14   0   0   0   0   0   0   0
   0   0   0   0   0   0   0   0   0   0   0   0   0   0   0   0   0   0   0   0
path found, choosing next step
 E,N,S,W = 260,260,13,13
new goto Tile is (18,5) from 18,4
--------------------- DONE findPath() and returned true ... moving

START findPath ----
current tile = 4,18 and target = 9,10
------------------------------
   0   0   0   0   0   0   0   0   0   0   0   0   0   0   0   0   0   0   0   0
   0   0   0   0   0   0   0  14   0   0   0   0   0   0   0   0   0   0   0   0
   0   0   0   0   0   0   0  13  14   0   0   0  14   0   0   0   0   0   0   0
   0   0   0   0   0   0   0  12   0   0   0   0  13  14   0   0   0   0   0   0
   0   0  14  13  12  13  12  11   0   0  14  13  12   0   0   0   0   0   0   0
   0  14   0   0  11   0   0  10   0   0   0   0  11  12  13  14   0   0   0   0
   0  13   0   0  10   0  10   9   8   7   8   9  10   0   0  13   0   0   0   0
   0  12  11  10   9  10  11   0   0   6   0   0   0   0   0  12   0  14   0   0
   0   0  12   0   8   0   0   0   4   5   6   7   0   9  10  11  12  13   0   0
   0   0  13   0   7   6   5   4   3   0   0   6   7   8   0   0   0  14   0   0
   0   0  14   0   0   0   0   0   2   1   0   5   0   0   0  13  14   0   0   0
   0  14  13  12  11  10   9   0   3   2   3   4   0  10  11  12   0   0   0   0
   0   0   0   0   0   0   8   0   4   0   4   0   0   9   0  11  12  13  14   0
   0   0   0  14   0   8   7   6   5   0   5   6   7   8   9  10   0   0   0   0
   0   0   0  13   0   9   0   0   6   0   6   0   0   0   0  11   0   0   0   0
   0   0   0  12  11  10   0   0   7   8   7   0   0   0  13  12  13  14   0   0
   0   0  14  13   0  11  10   9   8   0   8   9  10  11  12   0   0   0   0   0
   0   0   0   0   0  12   0   0   9   0   0   0  11   0  13   0   0   0   0   0
   0   0   0   0  -1  13   0   0  10  11  12  13  12   0  14   0   0   0   0   0
   0   0   0   0   0   0   0   0   0   0   0   0   0   0   0   0   0   0   0   0
path found, choosing next step
 E,N,S,W = 13,260,260,260
new goto Tile is (5,18) from 4,18
--------------------- DONE findPath() and returned true ... moving

START findPath ----
current tile = 17,16 and target = 10,10
------------------------------
   0   0   0   0   0   0   0   0   0   0   0   0   0   0   0   0   0   0   0   0
   0   0   0   0   0   0   0   0   0   0   0   0   0   0   0   0   0   0   0   0
   0   0   0   0   0   0   0  14   0   0   0   0   0   0   0   0   0   0   0   0
   0   0   0   0   0   0   0  13   0   0   0   0  14   0  14  13   0   0   0   0
   0   0   0   0   0  14  13  12   0   0   0  14  13   0   0  12  13  14   0   0
   0   0   0   0  14   0   0  11   0   0   0   0  12  13  12  11   0   0  14   0
   0   0   0   0  13   0  11  10   9   8   9  10  11   0   0  10   0   0  13   0
   0   0  14  13  12  13  12   0   0   7   0   0   0   0   0   9   0  11  12   0
   0   0   0   0  11   0   0   0   7   6   5   4   0   6   7   8   9  10   0   0
   0   0   0   0  10   9   8   7   6   0   0   3   4   5   0   0   0  11   0   0
   0   0   0   0   0   0   0   0   5   0   1   2   0   0   0  12  13  12  13   0
   0   0  14  13  12  11  10   0   4   3   2   3   0   9  10  11   0   0  14   0
   0   0   0   0   0   0   9   0   5   0   3   0   0   8   0  10  11  12  13   0
   0   0   0   0   0   9   8   7   6   0   4   5   6   7   8   9   0   0  14   0
   0   0   0  14   0  10   0   0   7   0   5   0   0   0   0  10   0  14   0   0
   0   0   0  13  12  11   0   0   8   7   6   0   0   0  12  11  12  13   0   0
   0   0   0  14   0  12  11  10   9   0   7   8   9  10  11   0   0  -1   0   0
   0   0   0   0   0  13   0   0  10   0   0   0  10   0  12   0   0   0   0   0
   0   0   0   0   0  14   0   0  11  12  13  12  11   0  13  14   0   0   0   0
   0   0   0   0   0   0   0   0   0   0   0   0   0   0   0   0   0   0   0   0
path found, choosing next step
 E,N,S,W = 260,13,260,260
new goto Tile is (17,15) from 17,16
--------------------- DONE findPath() and returned true ... moving

------- player state = 5 and the bool between tiles is 0
------- player state = 5 and the bool between tiles is 0
------- player state = 5 and the bool between tiles is 0
------- player state = 5 and the bool between tiles is 0
------- player state = 5 and the bool between tiles is 0
------- player state = 5 and the bool between tiles is 0
------- player state = 5 and the bool between tiles is 0
------- player state = 5 and the bool between tiles is 0
------- player state = 5 and the bool between tiles is 0
------- player state = 5 and the bool between tiles is 0
------- player state = 5 and the bool between tiles is 0
------- player state = 5 and the bool between tiles is 0
------- player state = 5 and the bool between tiles is 0
------- player state = 5 and the bool between tiles is 0
------- player state = 5 and the bool between tiles is 0
------- player state = 5 and the bool between tiles is 0
START findPath ----
current tile = 2,4 and target = 9,9
------------------------------
   0   0   0   0   0   0   0   0   0   0   0   0   0   0   0   0   0   0   0   0
   0   0   0   0   0  13  12  11   0  13   0  13  12   0   0   0   0   0   0   0
   0   0   0   0   0   0   0  10  11  12   0   0  11   0  13   0   0   0   0   0
   0   0   0   0   0   0   0   9   0  13   0   0  10  11  12  13   0   0   0   0
   0   0  -1  12  11  10   9   8   0  12  11  10   9   0   0  12  13   0   0   0
   0  13   0   0  10   0   0   7   0   0   0   0   8   9  10  11   0   0   0   0
   0  12   0   0   9   0   7   6   5   4   5   6   7   0   0  12   0   0   0   0
   0  11  10   9   8   9   8   0   0   3   0   0   0   0   0  11   0  13   0   0
   0   0  11   0   7   0   0   0   3   2   3   4   0   8   9  10  11  12   0   0
   0   0  12   0   6   5   4   3   2   1   0   5   6   7   0   0   0  13   0   0
   0   0  13   0   0   0   0   0   3   0   0   6   0   0   0   0   0   0   0   0
   0   0   0  13  12  11  10   0   4   5   6   7   0  13   0   0   0   0   0   0
   0   0   0   0   0   0   9   0   5   0   7   0   0  12   0   0   0   0   0   0
   0   0   0   0   0   9   8   7   6   0   8   9  10  11  12  13   0   0   0   0
   0   0   0   0   0  10   0   0   7   0   9   0   0   0   0   0   0   0   0   0
   0   0   0  13  12  11   0   0   8   9  10   0   0   0   0   0   0   0   0   0
   0   0   0   0   0  12  11  10   9   0  11  12  13   0   0   0   0   0   0   0
   0   0   0   0   0  13   0   0  10   0   0   0   0   0   0   0   0   0   0   0
   0   0   0   0   0   0   0   0  11  12  13   0   0   0   0   0   0   0   0   0
   0   0   0   0   0   0   0   0   0   0   0   0   0   0   0   0   0   0   0   0
path found, choosing next step
 E,N,S,W = 12,260,260,260
new goto Tile is (3,4) from 2,4
--------------------- DONE findPath() and returned true ... moving

START findPath ----
current tile = 18,5 and target = 10,9
------------------------------
   0   0   0   0   0   0   0   0   0   0   0   0   0   0   0   0   0   0   0   0
   0   0   0   0   0   0  13  12   0   0   0   0  13   0   0   0   0   0   0   0
   0   0   0   0   0   0   0  11  12  13   0   0  12   0   0   0   0   0   0   0
   0   0   0   0   0   0   0  10   0   0   0   0  11  12  13  12   0   0   0   0
   0   0   0  13  12  11  10   9   0  13  12  11  10   0   0  11  12  13   0   0
   0   0   0   0  13   0   0   8   0   0   0   0   9  10  11  10   0   0  -1   0
   0   0   0   0  12   0   8   7   6   5   6   7   8   0   0   9   0   0  12   0
   0   0  13  12  11  10   9   0   0   4   0   0   0   0   0   8   0  10  11   0
   0   0   0   0  10   0   0   0   4   3   2   3   0   5   6   7   8   9   0   0
   0   0   0   0   9   8   7   6   5   0   1   2   3   4   0   0   0  10   0   0
   0   0   0   0   0   0   0   0   6   0   0   3   0   0   0  13  12  11  12   0
   0   0   0   0   0   0  13   0   7   6   5   4   0  12  13   0   0   0  13   0
   0   0   0   0   0   0  12   0   8   0   6   0   0  11   0  13   0   0   0   0
   0   0   0   0   0  12  11  10   9   0   7   8   9  10  11  12   0   0   0   0
   0   0   0   0   0  13   0   0  10   0   8   0   0   0   0  13   0   0   0   0
   0   0   0   0   0   0   0   0  11  10   9   0   0   0   0   0   0   0   0   0
   0   0   0   0   0   0   0  13  12   0  10  11  12  13   0   0   0   0   0   0
   0   0   0   0   0   0   0   0  13   0   0   0  13   0   0   0   0   0   0   0
   0   0   0   0   0   0   0   0   0   0   0   0   0   0   0   0   0   0   0   0
   0   0   0   0   0   0   0   0   0   0   0   0   0   0   0   0   0   0   0   0
path found, choosing next step
 E,N,S,W = 260,260,12,260
new goto Tile is (18,6) from 18,5
--------------------- DONE findPath() and returned true ... moving

START findPath ----
current tile = 5,18 and target = 9,10
------------------------------
   0   0   0   0   0   0   0   0   0   0   0   0   0   0   0   0   0   0   0   0
   0   0   0   0   0   0   0   0   0   0   0   0   0   0   0   0   0   0   0   0
   0   0   0   0   0   0   0  13   0   0   0   0   0   0   0   0   0   0   0   0
   0   0   0   0   0   0   0  12   0   0   0   0  13   0   0   0   0   0   0   0
   0   0   0  13  12  13  12  11   0   0   0  13  12   0   0   0   0   0   0   0
   0   0   0   0  11   0   0  10   0   0   0   0  11  12  13   0   0   0   0   0
   0  13   0   0  10   0  10   9   8   7   8   9  10   0   0  13   0   0   0   0
   0  12  11  10   9  10  11   0   0   6   0   0   0   0   0  12   0   0   0   0
   0   0  12   0   8   0   0   0   4   5   6   7   0   9  10  11  12  13   0   0
   0   0  13   0   7   6   5   4   3   0   0   6   7   8   0   0   0   0   0   0
   0   0   0   0   0   0   0   0   2   1   0   5   0   0   0  13   0   0   0   0
   0   0  13  12  11  10   9   0   3   2   3   4   0  10  11  12   0   0   0   0
   0   0   0   0   0   0   8   0   4   0   4   0   0   9   0  11  12  13   0   0
   0   0   0   0   0   8   7   6   5   0   5   6   7   8   9  10   0   0   0   0
   0   0   0  13   0   9   0   0   6   0   6   0   0   0   0  11   0   0   0   0
   0   0   0  12  11  10   0   0   7   8   7   0   0   0  13  12  13   0   0   0
   0   0   0  13   0  11  10   9   8   0   8   9  10  11  12   0   0   0   0   0
   0   0   0   0   0  12   0   0   9   0   0   0  11   0  13   0   0   0   0   0
   0   0   0   0   0  -1   0   0  10  11  12  13  12   0   0   0   0   0   0   0
   0   0   0   0   0   0   0   0   0   0   0   0   0   0   0   0   0   0   0   0
path found, choosing next step
 E,N,S,W = 260,12,260,260
new goto Tile is (5,17) from 5,18
--------------------- DONE findPath() and returned true ... moving

START findPath ----
current tile = 17,15 and target = 10,10
------------------------------
   0   0   0   0   0   0   0   0   0   0   0   0   0   0   0   0   0   0   0   0
   0   0   0   0   0   0   0   0   0   0   0   0   0   0   0   0   0   0   0   0
   0   0   0   0   0   0   0   0   0   0   0   0   0   0   0   0   0   0   0   0
   0   0   0   0   0   0   0  13   0   0   0   0   0   0   0  13   0   0   0   0
   0   0   0   0   0   0  13  12   0   0   0   0  13   0   0  12  13   0   0   0
   0   0   0   0   0   0   0  11   0   0   0   0  12  13  12  11   0   0   0   0
   0   0   0   0  13   0  11  10   9   8   9  10  11   0   0  10   0   0  13   0
   0   0   0  13  12  13  12   0   0   7   0   0   0   0   0   9   0  11  12   0
   0   0   0   0  11   0   0   0   7   6   5   4   0   6   7   8   9  10   0   0
   0   0   0   0  10   9   8   7   6   0   0   3   4   5   0   0   0  11   0   0
   0   0   0   0   0   0   0   0   5   0   1   2   0   0   0  12  13  12  13   0
   0   0   0  13  12  11  10   0   4   3   2   3   0   9  10  11   0   0   0   0
   0   0   0   0   0   0   9   0   5   0   3   0   0   8   0  10  11  12  13   0
   0   0   0   0   0   9   8   7   6   0   4   5   6   7   8   9   0   0   0   0
   0   0   0   0   0  10   0   0   7   0   5   0   0   0   0  10   0   0   0   0
   0   0   0  13  12  11   0   0   8   7   6   0   0   0  12  11  12  -1   0   0
   0   0   0   0   0  12  11  10   9   0   7   8   9  10  11   0   0   0   0   0
   0   0   0   0   0  13   0   0  10   0   0   0  10   0  12   0   0   0   0   0
   0   0   0   0   0   0   0   0  11  12  13  12  11   0  13   0   0   0   0   0
   0   0   0   0   0   0   0   0   0   0   0   0   0   0   0   0   0   0   0   0
path found, choosing next step
 E,N,S,W = 260,260,260,12
new goto Tile is (16,15) from 17,15
--------------------- DONE findPath() and returned true ... moving

------- player state = 5 and the bool between tiles is 0
------- player state = 5 and the bool between tiles is 0
------- player state = 5 and the bool between tiles is 0
------- player state = 5 and the bool between tiles is 0
------- player state = 5 and the bool between tiles is 0
------- player state = 5 and the bool between tiles is 0
------- player state = 5 and the bool between tiles is 0
------- player state = 5 and the bool between tiles is 0
------- player state = 5 and the bool between tiles is 0
------- player state = 5 and the bool between tiles is 0
------- player state = 5 and the bool between tiles is 0
------- player state = 5 and the bool between tiles is 0
------- player state = 5 and the bool between tiles is 0
------- player state = 5 and the bool between tiles is 0
